YEAR;REF_YEAR;BICYCLE;BIKESHARING;BY_FOOT;CAR;CARSHARING;MOTORBIKE;PUBLIC_TRANSPORT
1993;2017;3;0,00;28;40;0,00;0;29
1999;2017;4;0,00;27;36;0,00;0;33
2003;2017;3;0,00;27;35;0,00;1;34
2009;2017;6;0,00;27;32;0,00;0;35
2010;2017;5;0,00;28;31;0,00;0;36
2011;2017;6;0,00;28;29;0,00;0;37
2012;2017;6;0,00;28;27;0,00;0;39
2013;2017;6;0,00;27;28;0,00;0;39
2014;2017;7;0,00;26;28;0,00;0;39
2015;2017;7;0,00;27;27;0,00;0;39
2016;2017;7;0,00;27;27;0,00;0;39
2017;2017;7;0,00;28;27;0,00;0;38